romance
■= 89  3/4 NextChord SoloTab
e B G D A E
Em
7
0
0 0 7 0 0 7 0 0
Em
7
0
0 0 7 0 0 7 0 0
Em
3
0
0 0 3 0 0 3 0 0
Em
0
0
0 0 0 0 0 0 0 0
Em
12
0
0 0 12 0 0 12 0 0
Em
12
0
0 0 12 0 0 12 0 0
Em
8
0
0 0 8 0 0 8 0 0
Am
5
0
0 0 5 0 0 5 0 0
Am
8
0
0 0 8 0 0 8 0 0
B
7
0
0 0 7 0 0 7 0 0
B
7
0
0 0 7 0 0 7 0 0
Em
3
0
0 0 3 0 0 3 0 0
Em
7
0
0 0 7 0 0 7 0 0
B
2
0
0 0 2 0 0 2 0 0
B7
0
0
0 0 0 0 0 0 0 0
Em
0
0
0 0 0 0 0 0 0 0
Em
7
0
0 0 7 0 0 7 0 0
Em
7
0
0 0 7 0 0 7 0 0
Em
3
0
0 0 3 0 0 3 0 0
Em
0
0
0 0 0 0 0 0 0 0
Em
7
0
0 0 7 0 0 7 0 0
Em
12
0
0 0 12 0 0 12 0 0
Em
8
0
0 0 8 0 0 8 0 0
Am
5
0
0 0 5 0 0 5 0 0
Am
0
0
0 0 0 0 0 0 0 0
B
7
0
0 0 7 0 0 7 0 0
B
7
0
0 0 7 0 0 7 0 0
Em
3
0
0 0 3 0 0 3 0 0
Em
0
0
0 0 0 0 0 0 0 0
B
2
0
0 0 2 0 0 2 0 0
B7
2
0
0 0 2 0 0 2 0 0
G
0
0
0 0 0 0 0 0 0 0
Em
0
0
0 0 0 0 0 0 0 0
E
4
0
0 0 4 0 0 4 0 0
E
0
0
0 0 0 0 0 0 0 0
B7
7
0
0 0 7 0 0 7 0 0
B7
9
0
0 0 9 0 0 9 0 0
B
2
0
0 0 2 0 0 2 0 0
B
2
0
0 0 2 0 0 2 0 0
E
4
0
0 0 4 0 0 4 0 0
E
9
0
0 0 9 0 0 9 0 0
E
12
0
0 0 12 0 0 12 0 0
E7
4
0
0 0 4 0 0 4 0 0
A
0
0
0 0 0 0 0 0 0 0
A
7
0
0 0 7 0 0 7 0 0
E
4
0
0 0 4 0 0 4 0 0
B7
5
0
0 0 5 0 0 5 0 0
B7
0
0
0 0 0 0 0 0 0 0
Em
7
0
0 0 7 0 0 7 0 0