romance
■= 89  3/4 NextChord SoloTab
e B G D A E
Em
7
0
0 0 7 0 0 7 0 0
Em
7
0
0 0 7 0 0 7 0 0
Em
3
0
0 0 3 0 0 3 0 0
Em
0
0
0 0 0 0 0 0 0 0
Em
12
0
0 0 12 0 0 12 0 0
Em
12
0
0 0 12 0 0 12 0 0
Em
8
0
0 0 8 0 0 8 0 0
Em
5
0
0 0 5 0 0 5 0 0
Em
8
0
0 0 8 0 0 8 0 0
Em
7
0
0 0 7 0 0 7 0 0
Em
7
0
0 0 7 0 0 7 0 0
Em
3
0
0 0 3 0 0 3 0 0
Em
7
0
0 0 7 0 0 7 0 0
Em
2
0
0 0 2 0 0 2 0 0
Em
0
0
0 0 0 0 0 0 0 0
Em
0
0
0 0 0 0 0 0 0 0
Em
7
0
0 0 7 0 0 7 0 0
Em
7
0
0 0 7 0 0 7 0 0
Em
3
0
0 0 3 0 0 3 0 0
Em
0
0
0 0 0 0 0 0 0 0
Em
7
0
0 0 7 0 0 7 0 0
Em
12
0
0 0 12 0 0 12 0 0
Em
8
0
0 0 8 0 0 8 0 0
Em
5
0
0 0 5 0 0 5 0 0
Em
0
0
0 0 0 0 0 0 0 0
Em
7
0
0 0 7 0 0 7 0 0
Em
7
0
0 0 7 0 0 7 0 0
Em
3
0
0 0 3 0 0 3 0 0
Em
0
0
0 0 0 0 0 0 0 0
Em
2
0
0 0 2 0 0 2 0 0
Em
2
0
0 0 2 0 0 2 0 0
Em
0
0
0 0 0 0 0 0 0 0
Em
0
0
0 0 0 0 0 0 0 0
Em
4
0
0 0 4 0 0 4 0 0
Em
0
0
0 0 0 0 0 0 0 0
Em
7
0
0 0 7 0 0 7 0 0
Em
9
0
0 0 9 0 0 9 0 0
Em
2
0
0 0 2 0 0 2 0 0
Em
2
0
0 0 2 0 0 2 0 0
Em
4
0
0 0 4 0 0 4 0 0
Em
9
0
0 0 9 0 0 9 0 0
Em
12
0
0 0 12 0 0 12 0 0
Em
4
0
0 0 4 0 0 4 0 0
Em
0
0
0 0 0 0 0 0 0 0
Em
7
0
0 0 7 0 0 7 0 0
Em
4
0
0 0 4 0 0 4 0 0
Em
5
0
0 0 5 0 0 5 0 0
Em
0
0
0 0 0 0 0 0 0 0
Em
7
0
0 0 7 0 0 7 0 0