romance
■= 89  3/4 NextChord SoloTab
e B G D A E
Em
7
0
7 0 0 0 0 0 7 7
Em
0
2
7 7 0 2 2 0 3 3
Em
0
0
3 3 0 0 2 0 0 0
Em
0
0
0 0 0 0 0 0 0 3
Em
0
0
0 12 0 0 12 0 0 12
Em
0
0
0 12 0 0 10 0 0 8
Em
0
0
0 8 0 1 7 0 1 5
Em
1
0
1 5 5 1 7 7 1 8
Em
8
2
1 7 2 4 7 2 4 7
Em
7
2
4 0 2 4 7 2 4 4
Em
7
0
4 4 0 0 0 0 0 0
Em
0
0
0 0 0 0 0 0 0 0
Em
0
2
0 0 0 0 0 0 0 0
Em
0
2
0 0 0 0 2 0 0 2
Em
0
2
0 2 0 0 0 0 0 0
Em
0
0
0 0 0 0 0 0 0 0
Em
7
0
0 0 7 0 0 7 0 0
Em
7
0
0 0 7 0 0 2 0 0
Em
0
2
0 0 3 0 0 0 0 0
Em
0
0
0 0 0 0 0 0 0 0
Em
7
0
7 0 7 7 0 7 12 0
Em
12
0
12 0 12 12 0 12 7 3
Em
8
0
8 0 8 8 0 8 7 7
Em
5
0
5 5 5 5 5 5 7 7
Em
1
2
1 0 1 7 7 1 7 2
Em
7
0
7 7 4 0 7 4 8 2
Em
4
0
7 7 4 7 0 0 2 0
Em
0
0
0 0 0 3 0 0 0 0
Em
0
2
0 0 0 0 0 0 0 0
Em
0
4
0 0 0 0 2 0 2 0
Em
2
2
2 2 2 2 0 2 0 0
Em
0
3
0 0 0 0 0 0 0 0
Em
0
0
4 0 0 0 0 0 1 1
Em
1
0
1 1 1 1 4 1 1 2
Em
1
0
1 0 1 1 0 1 0 4
Em
4
4
2 4 4 2 4 2 2 3
Em
2
4
4 4 2 4 9 2 4 4
Em
2
2
4 4 2 4 4 2 2 4
Em
2
0
2 4 2 2 4 2 9 0
Em
4
2
4 4 4 4 4 4 4 4
Em
9
2
9 0 9 4 0 9 4 4
Em
12
0
12 4 12 12 0 12 4 0
Em
4
0
4 4 4 4 0 4 9 2
Em
0
0
0 2 2 0 2 0 9 2
Em
7
0
7 2 5 5 2 4 0 1
Em
1
2
0 0 1 0 0 4 4 4
Em
5
2
4 4 5 2 4 5 0 0
Em
0
2
0 0 0 0 0 0 1 0
Em
7
0
0 0 7 0 0 7 0 0