romance
■= 89  3/4 NextChord SoloTab
e B G D A E
Em
7
0
0 0 0 0 7 0
Em
0
7
7 0 0 7 0 0 3 0
Em
0
3
2 0 0 0 2 7 0 0 0 0
Em
0
0
0 0 0 0 0 0 7 8 0
Em
0
12
0 0 0 12 7 0 0 12 0
Em
0
12
0 0 0 10 12 0 0 8 0
Em
0
8
0 5 5 5 7 7 5 5 5 5 5
Em
5
5
0 5 5 5 7 7 5 5 8
Em
8
5
5 7 7 7 7 4 7 7 4 7
B7
7
7
4 11 0 7 7 4 7 7 4 7
Em
7
7
8 7 0 0 0 2 0 0 0
Em
0
0
3 2 0 0 0 2 7 0 0 0
Em
0
0
2 4 5 4 0 5 4
Em
4
5
2 0 2 0 0 2 2
Em
0
2
2 0 0 2 0 0 0 0 3
Em
0
0
0 0 0
Em
7 7 0 0 0 0 7 0 0
Em
7
0
0 7 0 0 0 2 0 0
Em
0
0
0 3 2 0 0 0 4 0 0
Em
0
0
0 0 0 0 0 0 0 0
Em
7
0
0 12 12 0 0 0 12 0 0
Em
12
0
0 12 0 0 0 10 12 8 0 0
Em
8
0
0 8 0 0 5 7 7 5 5
Em
5
5
5 5 5 0 5 5 5 7 7 5
Em
5
0
5 7 7 7 7 4 7 7 8
B7
7
7
7 8 7 0 7 7 8 8 7
Em
4
7
7 7 4 7 0 4 0 2 0
Em
0
0
0 0 3 2 0 0 0 4 0
Em
0
0
0 0 2 0 0 4 0
Em
5
4
4 5 2 2 4 2 0 0
Em
2
2
0 2 2 0 0 0 2 0
Em
5
0
0 3 0 0 0 0 0
Em
9 5 0 0 1 1 0
Em
1
1
0 6 4 2 0 0 6 2 2 0
Em
1
0
0 1 0 2 2 0 4 4 2
B7
4
4
2 4 4 4 2 2 4 3
B7
2
4
4 2 4 9 7 7 4 6
Em
2
4
6 7 8 2 2 2 4 4
Em
7
4
6 7 8 9 0 9 9 0 7 9
Em
9
9
0 7 9 9 0 7 7 0 7 9 9 0 9
Em
9
9
9 5 9 9 9 0 12 7 0 9 9 0 12
Em
12
9
9 0 12 12 9 0 12 0 9 9 0 12
Em
9
9
0 10 9 9 9 0 9 0 9 6 6
Em
0
2
2 0 9 5 6 7 5 9 6
Em
7
7
5 6 5 5 5 6 4 2 0 0 1
B7
1
0
1 1 0 1 4 2 4 2
B7
5
4
2 2 4 2 2 0 1
Em
0
2
0 6 0 4 0 1 1 0 0 0
Em
0